b181ed3b-98af-4bd6-876a-abccee4e6bdd
Temps/b181ed3b-98af-4bd6-876a-abccee4e6bdd_data.txt
100
30
0.3
0.1
----------------
dims: 1
size: 35
[0.500000]
[1.000000]
[1.500000]
[2.000000]
[2.500000]
[3.000000]
[3.500000]
[4.000000]
[4.500000]
[5.000000]
[5.500000]
[6.000000]
[6.500000]
[7.000000]
[7.500000]
[8.000000]
[8.500000]
[9.000000]
[9.500000]
[10.000000]
[10.500000]
[11.000000]
[11.500000]
[12.000000]
[12.500000]
[13.000000]
[13.500000]
[14.000000]
[14.500000]
[15.000000]
[15.500000]
[16.000000]
[16.500000]
[17.000000]
[17.500000]
---
[-0.786000][-0.354000][0.239000][0.884000][1.459000][1.860000][2.027000][1.954000][1.697000][1.354000][1.048000][0.889000][0.953000][1.261000][1.774000][2.404000][3.033000][3.544000][3.848000][3.907000][3.745000][3.437000][3.095000][2.840000][2.772000][2.942000][3.348000][3.925000][4.569000][5.160000][5.590000][5.789000][5.746000][5.508000][5.170000]
